a1=[1,2,3,4]
a2=[1:4]
a3=[1:1:4]
